# Approximate response function of the MEarth observatory.
# Telluric absorption not included.
# Wavelengths in Angstrom. This is a quantum-efficiency, not equal-energy, curve.
# Computed from data provided to Peter K. G. Williams by Jonathan Irwin in 2014.
# See http://newton.cx/~peter/2014/08/the-bandpass-of-the-mearth-observatory/ for methodology.
6850.0     0.00
6914.3     0.00
6978.6     0.02
7042.9     0.11
7107.1     0.26
7171.4     0.44
7235.7     0.58
7300.0     0.66
7364.3     0.70
7428.6     0.72
7492.9     0.72
7557.1     0.71
7621.4     0.71
7685.7     0.70
7750.0     0.69
7814.3     0.67
7878.6     0.66
7942.9     0.65
8007.1     0.64
8071.4     0.62
8135.7     0.61
8200.0     0.59
8264.3     0.58
8328.6     0.56
8392.9     0.55
8457.1     0.53
8521.4     0.51
8585.7     0.50
8650.0     0.48
8714.3     0.46
8778.6     0.44
8842.9     0.43
8907.1     0.41
8971.4     0.39
9035.7     0.37
9100.0     0.36
9164.3     0.34
9228.6     0.32
9292.9     0.31
9357.1     0.29
9421.4     0.27
9485.7     0.26
9550.0     0.24
9614.3     0.22
9678.6     0.21
9742.9     0.19
9807.1     0.18
9871.4     0.17
9935.7     0.15
10000.0    0.14
10064.3    0.12
10128.6    0.11
10192.9    0.10
10257.1    0.09
10321.4    0.07
10385.7    0.06
10450.0    0.05
10514.3    0.04
10578.6    0.03
10642.9    0.02
10707.1    0.02
10771.4    0.01
10835.7    0.00
10900.0    0.00
